4358
1 2
1 3
1 4
3 5
1 6
1 7
5 8
1 9
8 10
2 11
9 12
11 13
7 14
4 15
2 16
14 17
2 18
2 19
13 20
10 21
9 22
12 23
21 24
2 25
10 26
19 27
5 28
21 29
11 30
8 31
10 32
20 33
26 34
18 35
10 36
32 37
34 38
38 39
16 40
26 41
6 42
37 43
32 44
6 45
3 46
19 47
25 48
42 49
10 50
6 51
14 52
16 53
7 54
24 55
18 56
22 57
13 58
14 59
28 60
6 61
53 62
12 63
36 64
59 65
63 66
55 67
16 68
4 69
59 70
70 71
43 72
43 73
49 74
73 75
19 76
57 77
38 78
33 79
70 80
45 81
14 82
14 83
61 84
64 85
20 86
40 87
76 88
52 89
89 90
76 91
49 92
46 93
88 94
80 95
21 96
93 97
21 98
78 99
91 100
84 101
98 102
77 103
99 104
90 105
5 106
17 107
28 108
96 109
107 110
106 111
2 112
80 113
44 114
46 115
26 116
20 117
18 118
58 119
75 120
82 121
14 122
13 123
12 124
22 125
19 126
13 127
10 128
72 129
26 130
55 131
83 132
49 133
123 134
131 135
110 136
136 137
115 138
106 139
57 140
87 141
133 142
126 143
140 144
57 145
79 146
128 147
108 148
51 149
145 150
138 151
42 152
135 153
101 154
74 155
47 156
107 157
85 158
141 159
142 160
140 161
155 162
103 163
73 164
8 165
109 166
51 167
129 168
77 169
51 170
124 171
64 172
19 173
43 174
17 175
131 176
31 177
102 178
58 179
144 180
92 181
132 182
110 183
136 184
38 185
117 186
136 187
41 188
160 189
100 190
185 191
81 192
77 193
22 194
188 195
18 196
73 197
144 198
179 199
76 200
109 201
175 202
44 203
38 204
91 205
93 206
142 207
184 208
85 209
138 210
96 211
208 212
2 213
85 214
117 215
45 216
98 217
82 218
64 219
148 220
152 221
196 222
138 223
14 224
153 225
108 226
79 227
37 228
101 229
36 230
71 231
66 232
144 233
127 234
166 235
46 236
15 237
86 238
7 239
218 240
198 241
220 242
95 243
192 244
106 245
166 246
36 247
95 248
172 249
165 250
96 251
2 252
105 253
95 254
91 255
115 256
22 257
119 258
30 259
78 260
168 261
40 262
238 263
184 264
59 265
81 266
79 267
172 268
159 269
214 270
255 271
98 272
83 273
174 274
252 275
89 276
235 277
128 278
38 279
171 280
150 281
110 282
202 283
251 284
76 285
224 286
247 287
51 288
281 289
12 290
265 291
104 292
14 293
77 294
89 295
268 296
130 297
297 298
193 299
232 300
63 301
26 302
234 303
244 304
252 305
36 306
229 307
177 308
229 309
220 310
83 311
166 312
245 313
59 314
145 315
164 316
108 317
249 318
133 319
261 320
2 321
124 322
247 323
54 324
197 325
283 326
57 327
321 328
113 329
107 330
26 331
6 332
213 333
297 334
325 335
326 336
190 337
184 338
303 339
76 340
311 341
137 342
256 343
338 344
72 345
20 346
222 347
21 348
213 349
148 350
247 351
307 352
46 353
321 354
11 355
119 356
117 357
159 358
13 359
237 360
29 361
357 362
167 363
333 364
304 365
165 366
106 367
308 368
200 369
301 370
200 371
16 372
274 373
176 374
298 375
137 376
251 377
322 378
118 379
169 380
250 381
371 382
127 383
150 384
100 385
4 386
369 387
98 388
133 389
234 390
68 391
374 392
391 393
103 394
315 395
167 396
272 397
126 398
159 399
246 400
117 401
70 402
280 403
36 404
295 405
208 406
321 407
302 408
324 409
155 410
131 411
321 412
258 413
343 414
334 415
194 416
300 417
231 418
276 419
54 420
171 421
181 422
282 423
142 424
247 425
180 426
292 427
113 428
335 429
319 430
405 431
431 432
114 433
358 434
71 435
274 436
409 437
20 438
63 439
348 440
228 441
12 442
412 443
122 444
299 445
418 446
47 447
166 448
74 449
123 450
281 451
250 452
49 453
286 454
74 455
310 456
340 457
327 458
14 459
211 460
124 461
82 462
428 463
213 464
303 465
420 466
19 467
77 468
367 469
330 470
376 471
32 472
341 473
112 474
223 475
343 476
169 477
307 478
284 479
343 480
76 481
424 482
261 483
387 484
225 485
217 486
123 487
52 488
156 489
342 490
229 491
312 492
383 493
425 494
429 495
372 496
98 497
482 498
434 499
264 500
439 501
355 502
283 503
62 504
483 505
133 506
265 507
5 508
229 509
5 510
433 511
134 512
439 513
127 514
197 515
246 516
138 517
190 518
377 519
123 520
201 521
139 522
97 523
466 524
188 525
63 526
384 527
201 528
330 529
253 530
528 531
219 532
159 533
501 534
264 535
118 536
176 537
286 538
99 539
210 540
295 541
495 542
367 543
490 544
398 545
77 546
414 547
246 548
431 549
217 550
175 551
167 552
490 553
254 554
33 555
525 556
360 557
339 558
457 559
229 560
272 561
121 562
197 563
408 564
60 565
390 566
554 567
324 568
134 569
374 570
331 571
16 572
24 573
458 574
405 575
533 576
115 577
162 578
431 579
410 580
499 581
133 582
511 583
454 584
384 585
252 586
87 587
28 588
14 589
199 590
211 591
564 592
215 593
152 594
329 595
569 596
593 597
99 598
352 599
40 600
21 601
522 602
523 603
191 604
596 605
232 606
507 607
186 608
450 609
397 610
280 611
271 612
435 613
540 614
394 615
424 616
123 617
74 618
43 619
485 620
6 621
220 622
227 623
469 624
461 625
539 626
557 627
279 628
413 629
93 630
94 631
549 632
290 633
434 634
594 635
370 636
337 637
241 638
143 639
50 640
21 641
241 642
266 643
298 644
531 645
466 646
223 647
262 648
530 649
428 650
147 651
435 652
594 653
332 654
145 655
458 656
33 657
26 658
14 659
63 660
132 661
220 662
427 663
213 664
31 665
579 666
576 667
520 668
236 669
490 670
251 671
448 672
65 673
528 674
631 675
579 676
55 677
155 678
455 679
26 680
558 681
374 682
356 683
225 684
63 685
233 686
321 687
517 688
132 689
212 690
280 691
601 692
418 693
608 694
301 695
626 696
365 697
670 698
566 699
527 700
2 701
568 702
70 703
617 704
482 705
349 706
517 707
546 708
394 709
380 710
527 711
662 712
35 713
474 714
681 715
285 716
360 717
702 718
712 719
334 720
537 721
490 722
433 723
120 724
326 725
395 726
327 727
141 728
332 729
597 730
421 731
326 732
14 733
184 734
531 735
218 736
407 737
308 738
313 739
678 740
220 741
215 742
727 743
97 744
284 745
738 746
474 747
496 748
283 749
92 750
140 751
499 752
2 753
490 754
342 755
125 756
394 757
180 758
77 759
411 760
741 761
178 762
678 763
669 764
286 765
266 766
410 767
597 768
349 769
274 770
642 771
637 772
333 773
381 774
369 775
522 776
615 777
409 778
771 779
357 780
240 781
666 782
775 783
266 784
776 785
655 786
750 787
572 788
285 789
47 790
735 791
596 792
516 793
613 794
10 795
319 796
287 797
441 798
85 799
279 800
511 801
275 802
545 803
690 804
23 805
171 806
305 807
562 808
277 809
321 810
402 811
583 812
298 813
386 814
9 815
408 816
422 817
802 818
76 819
397 820
323 821
566 822
418 823
321 824
673 825
573 826
223 827
116 828
551 829
197 830
582 831
599 832
282 833
159 834
538 835
693 836
139 837
144 838
547 839
542 840
622 841
796 842
196 843
665 844
766 845
175 846
626 847
90 848
640 849
381 850
647 851
652 852
752 853
540 854
320 855
334 856
58 857
173 858
350 859
194 860
775 861
670 862
670 863
621 864
485 865
841 866
102 867
521 868
449 869
162 870
612 871
189 872
689 873
548 874
810 875
414 876
382 877
233 878
515 879
74 880
680 881
97 882
324 883
685 884
326 885
129 886
248 887
68 888
854 889
333 890
2 891
478 892
342 893
393 894
755 895
485 896
344 897
393 898
134 899
633 900
871 901
79 902
457 903
163 904
763 905
832 906
280 907
29 908
428 909
281 910
156 911
684 912
514 913
434 914
414 915
160 916
478 917
609 918
657 919
202 920
25 921
7 922
400 923
900 924
476 925
401 926
718 927
879 928
763 929
538 930
235 931
348 932
895 933
728 934
546 935
684 936
462 937
746 938
810 939
309 940
38 941
105 942
483 943
442 944
679 945
940 946
507 947
284 948
154 949
19 950
657 951
329 952
619 953
11 954
238 955
440 956
413 957
330 958
187 959
18 960
321 961
395 962
260 963
873 964
489 965
259 966
833 967
964 968
640 969
566 970
251 971
847 972
476 973
17 974
208 975
547 976
259 977
937 978
251 979
154 980
84 981
180 982
135 983
205 984
715 985
6 986
584 987
399 988
199 989
797 990
912 991
629 992
130 993
843 994
681 995
18 996
434 997
447 998
203 999
604 1000
472 1001
903 1002
451 1003
84 1004
682 1005
559 1006
631 1007
215 1008
14 1009
484 1010
140 1011
280 1012
608 1013
794 1014
623 1015
90 1016
929 1017
332 1018
958 1019
925 1020
244 1021
913 1022
829 1023
658 1024
707 1025
418 1026
1025 1027
211 1028
471 1029
182 1030
847 1031
260 1032
623 1033
714 1034
329 1035
508 1036
170 1037
156 1038
626 1039
122 1040
973 1041
29 1042
729 1043
813 1044
732 1045
1022 1046
705 1047
61 1048
577 1049
73 1050
520 1051
907 1052
902 1053
360 1054
68 1055
642 1056
577 1057
628 1058
76 1059
513 1060
471 1061
818 1062
147 1063
453 1064
403 1065
716 1066
568 1067
862 1068
413 1069
850 1070
422 1071
752 1072
201 1073
1057 1074
677 1075
155 1076
419 1077
86 1078
376 1079
1059 1080
950 1081
512 1082
481 1083
823 1084
636 1085
838 1086
294 1087
355 1088
455 1089
486 1090
293 1091
308 1092
182 1093
260 1094
949 1095
871 1096
785 1097
493 1098
652 1099
928 1100
251 1101
907 1102
1024 1103
102 1104
407 1105
695 1106
1034 1107
945 1108
886 1109
241 1110
807 1111
1089 1112
148 1113
879 1114
218 1115
782 1116
315 1117
759 1118
1067 1119
484 1120
559 1121
77 1122
516 1123
540 1124
865 1125
41 1126
785 1127
778 1128
742 1129
882 1130
1019 1131
50 1132
1117 1133
613 1134
281 1135
872 1136
64 1137
668 1138
599 1139
973 1140
160 1141
54 1142
546 1143
745 1144
1027 1145
352 1146
436 1147
980 1148
78 1149
252 1150
520 1151
611 1152
382 1153
1010 1154
978 1155
789 1156
467 1157
330 1158
972 1159
217 1160
893 1161
534 1162
572 1163
500 1164
658 1165
207 1166
1027 1167
397 1168
814 1169
1077 1170
470 1171
351 1172
259 1173
691 1174
370 1175
707 1176
970 1177
68 1178
709 1179
228 1180
437 1181
791 1182
11 1183
986 1184
123 1185
1178 1186
656 1187
602 1188
526 1189
851 1190
1012 1191
1 1192
557 1193
600 1194
1078 1195
818 1196
1162 1197
719 1198
652 1199
319 1200
84 1201
1003 1202
170 1203
1034 1204
1055 1205
68 1206
654 1207
954 1208
1182 1209
32 1210
473 1211
946 1212
1006 1213
461 1214
234 1215
949 1216
1055 1217
717 1218
8 1219
972 1220
961 1221
19 1222
1162 1223
85 1224
663 1225
1211 1226
337 1227
1164 1228
112 1229
919 1230
1209 1231
21 1232
266 1233
450 1234
453 1235
401 1236
932 1237
1200 1238
186 1239
357 1240
1016 1241
1191 1242
582 1243
366 1244
1 1245
625 1246
539 1247
242 1248
341 1249
52 1250
231 1251
404 1252
111 1253
846 1254
1110 1255
287 1256
714 1257
761 1258
33 1259
264 1260
912 1261
1199 1262
47 1263
212 1264
325 1265
904 1266
1048 1267
1121 1268
604 1269
981 1270
829 1271
1229 1272
1174 1273
154 1274
1009 1275
533 1276
1107 1277
1142 1278
216 1279
72 1280
1279 1281
87 1282
977 1283
1187 1284
311 1285
726 1286
228 1287
981 1288
967 1289
126 1290
53 1291
122 1292
44 1293
473 1294
832 1295
1176 1296
1159 1297
1058 1298
1125 1299
41 1300
452 1301
953 1302
531 1303
248 1304
501 1305
786 1306
780 1307
108 1308
60 1309
427 1310
1063 1311
230 1312
170 1313
248 1314
1270 1315
445 1316
35 1317
88 1318
1002 1319
102 1320
421 1321
948 1322
870 1323
1240 1324
283 1325
762 1326
597 1327
924 1328
1158 1329
110 1330
129 1331
371 1332
1109 1333
191 1334
1072 1335
1209 1336
1043 1337
171 1338
950 1339
192 1340
593 1341
637 1342
906 1343
511 1344
446 1345
700 1346
817 1347
479 1348
1335 1349
793 1350
965 1351
599 1352
533 1353
160 1354
1134 1355
538 1356
1092 1357
328 1358
528 1359
1093 1360
86 1361
233 1362
798 1363
708 1364
301 1365
758 1366
600 1367
663 1368
616 1369
219 1370
922 1371
348 1372
1143 1373
557 1374
53 1375
244 1376
1360 1377
812 1378
1350 1379
1193 1380
754 1381
114 1382
1317 1383
922 1384
430 1385
1050 1386
65 1387
1153 1388
839 1389
1247 1390
1256 1391
1242 1392
642 1393
140 1394
993 1395
971 1396
128 1397
621 1398
974 1399
917 1400
757 1401
18 1402
5 1403
377 1404
795 1405
441 1406
1147 1407
559 1408
1324 1409
680 1410
662 1411
1227 1412
1201 1413
1280 1414
436 1415
561 1416
476 1417
911 1418
57 1419
1156 1420
759 1421
511 1422
1320 1423
411 1424
1050 1425
748 1426
1045 1427
970 1428
1126 1429
538 1430
1319 1431
1112 1432
91 1433
262 1434
1097 1435
598 1436
166 1437
143 1438
243 1439
1132 1440
12 1441
476 1442
66 1443
133 1444
847 1445
773 1446
625 1447
883 1448
316 1449
494 1450
841 1451
1436 1452
679 1453
1076 1454
816 1455
1247 1456
114 1457
341 1458
35 1459
1453 1460
1323 1461
1177 1462
929 1463
125 1464
734 1465
1082 1466
380 1467
1274 1468
674 1469
634 1470
187 1471
649 1472
747 1473
218 1474
1248 1475
747 1476
808 1477
296 1478
974 1479
1226 1480
688 1481
604 1482
1454 1483
1427 1484
929 1485
34 1486
140 1487
14 1488
1310 1489
374 1490
448 1491
801 1492
402 1493
46 1494
1110 1495
1358 1496
415 1497
1028 1498
415 1499
936 1500
926 1501
658 1502
544 1503
288 1504
559 1505
471 1506
658 1507
164 1508
1133 1509
610 1510
825 1511
105 1512
1448 1513
1066 1514
333 1515
174 1516
1065 1517
617 1518
307 1519
1230 1520
950 1521
83 1522
1385 1523
60 1524
1523 1525
1340 1526
1352 1527
182 1528
1479 1529
459 1530
998 1531
253 1532
1330 1533
325 1534
841 1535
341 1536
426 1537
91 1538
1001 1539
1107 1540
1095 1541
123 1542
931 1543
1021 1544
1395 1545
1457 1546
136 1547
202 1548
775 1549
88 1550
634 1551
133 1552
797 1553
1189 1554
27 1555
149 1556
992 1557
383 1558
693 1559
729 1560
1517 1561
1175 1562
492 1563
534 1564
589 1565
315 1566
434 1567
382 1568
768 1569
1385 1570
1542 1571
645 1572
1337 1573
925 1574
760 1575
674 1576
485 1577
316 1578
184 1579
1543 1580
602 1581
1386 1582
859 1583
1521 1584
462 1585
1506 1586
848 1587
726 1588
595 1589
1121 1590
1223 1591
1425 1592
1183 1593
1581 1594
952 1595
1310 1596
1368 1597
1328 1598
1571 1599
404 1600
1231 1601
979 1602
221 1603
683 1604
537 1605
1298 1606
612 1607
300 1608
616 1609
79 1610
814 1611
415 1612
541 1613
53 1614
802 1615
1162 1616
630 1617
1239 1618
388 1619
1591 1620
1360 1621
81 1622
672 1623
757 1624
314 1625
1121 1626
1099 1627
477 1628
1588 1629
1423 1630
597 1631
1237 1632
1145 1633
657 1634
530 1635
522 1636
547 1637
1512 1638
1090 1639
1070 1640
1128 1641
1106 1642
887 1643
680 1644
741 1645
1145 1646
1437 1647
313 1648
422 1649
181 1650
1512 1651
504 1652
811 1653
988 1654
1228 1655
1550 1656
1232 1657
1655 1658
566 1659
600 1660
1532 1661
1542 1662
802 1663
1391 1664
307 1665
1503 1666
56 1667
397 1668
368 1669
1481 1670
742 1671
903 1672
106 1673
117 1674
1246 1675
1036 1676
1028 1677
973 1678
1193 1679
525 1680
582 1681
131 1682
1679 1683
51 1684
1312 1685
1211 1686
553 1687
976 1688
389 1689
1530 1690
677 1691
825 1692
1259 1693
748 1694
15 1695
380 1696
1455 1697
1630 1698
869 1699
240 1700
537 1701
1698 1702
10 1703
1153 1704
1402 1705
1692 1706
1200 1707
1412 1708
53 1709
819 1710
861 1711
7 1712
854 1713
1582 1714
954 1715
1178 1716
336 1717
988 1718
1001 1719
203 1720
1160 1721
500 1722
1201 1723
959 1724
955 1725
12 1726
96 1727
122 1728
391 1729
709 1730
1532 1731
940 1732
578 1733
264 1734
661 1735
647 1736
1046 1737
509 1738
722 1739
1102 1740
150 1741
740 1742
1542 1743
480 1744
1673 1745
1259 1746
1095 1747
1724 1748
59 1749
917 1750
222 1751
879 1752
397 1753
120 1754
1426 1755
1168 1756
794 1757
1560 1758
87 1759
671 1760
926 1761
217 1762
467 1763
607 1764
1303 1765
13 1766
74 1767
1132 1768
1197 1769
20 1770
1116 1771
21 1772
459 1773
32 1774
1349 1775
1259 1776
603 1777
1177 1778
976 1779
869 1780
1014 1781
964 1782
591 1783
1196 1784
28 1785
574 1786
1432 1787
685 1788
1643 1789
1718 1790
1166 1791
612 1792
26 1793
1614 1794
159 1795
1359 1796
1188 1797
239 1798
363 1799
1734 1800
975 1801
816 1802
499 1803
14 1804
361 1805
546 1806
721 1807
1080 1808
1604 1809
1050 1810
98 1811
1586 1812
402 1813
414 1814
945 1815
153 1816
356 1817
538 1818
570 1819
550 1820
8 1821
1703 1822
670 1823
1680 1824
1734 1825
1818 1826
1803 1827
795 1828
1186 1829
24 1830
648 1831
1817 1832
1334 1833
1703 1834
899 1835
829 1836
1144 1837
474 1838
41 1839
945 1840
1034 1841
540 1842
1299 1843
344 1844
1426 1845
1612 1846
1554 1847
1172 1848
320 1849
255 1850
317 1851
801 1852
832 1853
773 1854
1364 1855
990 1856
15 1857
671 1858
584 1859
929 1860
1487 1861
1545 1862
1855 1863
23 1864
425 1865
1209 1866
1406 1867
1488 1868
376 1869
35 1870
311 1871
943 1872
1836 1873
1293 1874
1332 1875
1666 1876
579 1877
195 1878
643 1879
710 1880
109 1881
1766 1882
597 1883
1489 1884
221 1885
273 1886
1010 1887
1634 1888
482 1889
663 1890
879 1891
1116 1892
1009 1893
309 1894
1098 1895
1733 1896
339 1897
708 1898
341 1899
1117 1900
194 1901
65 1902
36 1903
1168 1904
902 1905
1271 1906
962 1907
1771 1908
1457 1909
1301 1910
974 1911
843 1912
1532 1913
571 1914
591 1915
1449 1916
949 1917
1719 1918
1032 1919
318 1920
540 1921
1615 1922
451 1923
1212 1924
1174 1925
1512 1926
1747 1927
74 1928
1564 1929
505 1930
215 1931
390 1932
5 1933
1288 1934
417 1935
148 1936
1382 1937
1849 1938
1299 1939
1808 1940
680 1941
1436 1942
307 1943
981 1944
1709 1945
1198 1946
512 1947
1129 1948
363 1949
905 1950
125 1951
1439 1952
1373 1953
503 1954
379 1955
162 1956
385 1957
551 1958
426 1959
1666 1960
1208 1961
1747 1962
884 1963
1416 1964
468 1965
1348 1966
1893 1967
1722 1968
1621 1969
1796 1970
1287 1971
301 1972
254 1973
202 1974
801 1975
988 1976
352 1977
619 1978
967 1979
1403 1980
1794 1981
619 1982
1132 1983
1733 1984
340 1985
1712 1986
1341 1987
1052 1988
1607 1989
1060 1990
255 1991
1531 1992
1483 1993
1321 1994
368 1995
1119 1996
1861 1997
361 1998
1160 1999
774 2000
461 2001
385 2002
228 2003
448 2004
1410 2005
1610 2006
1351 2007
1969 2008
118 2009
423 2010
1025 2011
1407 2012
1824 2013
768 2014
896 2015
1023 2016
642 2017
452 2018
82 2019
1481 2020
1149 2021
1165 2022
1248 2023
1784 2024
844 2025
755 2026
1624 2027
1272 2028
1830 2029
1538 2030
511 2031
1211 2032
1767 2033
1306 2034
1314 2035
83 2036
807 2037
1268 2038
290 2039
1206 2040
1216 2041
1534 2042
1919 2043
1266 2044
436 2045
1611 2046
1376 2047
1840 2048
326 2049
703 2050
946 2051
1026 2052
814 2053
1686 2054
1792 2055
937 2056
413 2057
243 2058
36 2059
1139 2060
1394 2061
1131 2062
493 2063
848 2064
595 2065
1206 2066
1352 2067
752 2068
1474 2069
834 2070
90 2071
1533 2072
211 2073
2072 2074
1906 2075
969 2076
735 2077
1716 2078
1528 2079
978 2080
370 2081
2007 2082
1649 2083
950 2084
1568 2085
738 2086
1444 2087
1976 2088
1623 2089
1753 2090
1003 2091
1563 2092
997 2093
1970 2094
1875 2095
1014 2096
1593 2097
7 2098
43 2099
2089 2100
1440 2101
327 2102
1849 2103
550 2104
446 2105
1613 2106
1644 2107
1404 2108
1610 2109
1026 2110
407 2111
1905 2112
1447 2113
297 2114
254 2115
16 2116
1952 2117
1348 2118
1226 2119
1963 2120
1642 2121
502 2122
109 2123
777 2124
179 2125
580 2126
1906 2127
1112 2128
2022 2129
1183 2130
505 2131
284 2132
91 2133
1526 2134
685 2135
1416 2136
1404 2137
1888 2138
1270 2139
1376 2140
1750 2141
421 2142
1256 2143
429 2144
2129 2145
130 2146
1575 2147
1725 2148
783 2149
768 2150
46 2151
476 2152
1499 2153
1846 2154
672 2155
1626 2156
1384 2157
420 2158
221 2159
1121 2160
316 2161
1527 2162
1292 2163
1704 2164
1166 2165
1444 2166
1276 2167
1349 2168
1719 2169
971 2170
805 2171
884 2172
1471 2173
1671 2174
1436 2175
1496 2176
414 2177
1959 2178
1559 2179
647 2180
2120 2181
1583 2182
875 2183
1436 2184
1573 2185
1396 2186
1641 2187
1042 2188
520 2189
1373 2190
510 2191
1557 2192
1946 2193
2126 2194
2062 2195
1129 2196
1210 2197
2195 2198
1094 2199
2147 2200
211 2201
755 2202
777 2203
1265 2204
1491 2205
62 2206
1062 2207
1436 2208
2106 2209
2066 2210
942 2211
1167 2212
1464 2213
1300 2214
1314 2215
1005 2216
566 2217
791 2218
1926 2219
1459 2220
890 2221
1771 2222
1196 2223
1097 2224
1369 2225
1754 2226
1221 2227
369 2228
825 2229
1101 2230
265 2231
818 2232
523 2233
1444 2234
1915 2235
935 2236
2030 2237
636 2238
1308 2239
1353 2240
1975 2241
584 2242
992 2243
391 2244
1655 2245
1607 2246
300 2247
427 2248
976 2249
1117 2250
2072 2251
1950 2252
665 2253
2 2254
1048 2255
594 2256
686 2257
1870 2258
668 2259
2241 2260
121 2261
2152 2262
321 2263
1153 2264
1011 2265
432 2266
2160 2267
1956 2268
1097 2269
2210 2270
832 2271
1100 2272
2221 2273
913 2274
881 2275
1770 2276
352 2277
1820 2278
336 2279
408 2280
1240 2281
135 2282
145 2283
1963 2284
693 2285
2187 2286
1971 2287
911 2288
366 2289
989 2290
1038 2291
388 2292
2010 2293
822 2294
1177 2295
334 2296
2256 2297
991 2298
255 2299
2087 2300
888 2301
961 2302
214 2303
1257 2304
1317 2305
760 2306
497 2307
1010 2308
112 2309
1099 2310
791 2311
1813 2312
164 2313
852 2314
1736 2315
529 2316
1731 2317
1843 2318
67 2319
617 2320
160 2321
1865 2322
2260 2323
95 2324
931 2325
1429 2326
1730 2327
291 2328
1850 2329
2107 2330
2088 2331
1851 2332
1485 2333
604 2334
644 2335
2281 2336
985 2337
2027 2338
2319 2339
1285 2340
1311 2341
1036 2342
1824 2343
2208 2344
1728 2345
793 2346
34 2347
1893 2348
1958 2349
934 2350
1218 2351
1116 2352
752 2353
671 2354
116 2355
1376 2356
1014 2357
1775 2358
1158 2359
882 2360
1803 2361
1850 2362
221 2363
1159 2364
2312 2365
1609 2366
2100 2367
416 2368
1458 2369
2347 2370
315 2371
2308 2372
1577 2373
1161 2374
1200 2375
2206 2376
569 2377
151 2378
1396 2379
791 2380
1655 2381
1138 2382
1302 2383
1175 2384
277 2385
2060 2386
928 2387
716 2388
2159 2389
1622 2390
731 2391
1285 2392
210 2393
1744 2394
2386 2395
1084 2396
2215 2397
2008 2398
594 2399
1811 2400
2207 2401
708 2402
2260 2403
1543 2404
2103 2405
1717 2406
154 2407
2118 2408
113 2409
1439 2410
1570 2411
1191 2412
1335 2413
1038 2414
138 2415
2087 2416
974 2417
1725 2418
456 2419
848 2420
1971 2421
293 2422
1808 2423
875 2424
1402 2425
2227 2426
612 2427
753 2428
37 2429
1864 2430
947 2431
777 2432
2263 2433
1687 2434
409 2435
423 2436
693 2437
1315 2438
1793 2439
283 2440
524 2441
1715 2442
1270 2443
1673 2444
411 2445
2366 2446
1450 2447
124 2448
307 2449
541 2450
1736 2451
2056 2452
1364 2453
1918 2454
120 2455
1639 2456
409 2457
2063 2458
729 2459
1115 2460
1232 2461
2459 2462
750 2463
1451 2464
1816 2465
1764 2466
2023 2467
1485 2468
330 2469
248 2470
613 2471
520 2472
465 2473
2412 2474
1202 2475
324 2476
1888 2477
1675 2478
528 2479
406 2480
672 2481
756 2482
899 2483
304 2484
1044 2485
779 2486
518 2487
1803 2488
271 2489
1314 2490
355 2491
1082 2492
236 2493
2145 2494
1311 2495
2155 2496
1216 2497
818 2498
2431 2499
1660 2500
1423 2501
2246 2502
2378 2503
1907 2504
2199 2505
1247 2506
1127 2507
308 2508
1628 2509
425 2510
2018 2511
2181 2512
758 2513
725 2514
2505 2515
1268 2516
1799 2517
1710 2518
450 2519
1092 2520
1675 2521
1060 2522
611 2523
947 2524
469 2525
393 2526
1136 2527
475 2528
374 2529
1073 2530
1738 2531
1723 2532
956 2533
2489 2534
2352 2535
2339 2536
2230 2537
1401 2538
1218 2539
1547 2540
285 2541
2027 2542
2079 2543
53 2544
971 2545
991 2546
2510 2547
1551 2548
467 2549
290 2550
2007 2551
2378 2552
440 2553
616 2554
1836 2555
14 2556
472 2557
1112 2558
437 2559
602 2560
1547 2561
386 2562
2464 2563
417 2564
1788 2565
559 2566
1597 2567
1424 2568
1041 2569
1153 2570
841 2571
1567 2572
1640 2573
927 2574
2426 2575
1767 2576
221 2577
1139 2578
1652 2579
597 2580
1297 2581
780 2582
444 2583
730 2584
1769 2585
2246 2586
1255 2587
501 2588
369 2589
1357 2590
723 2591
1093 2592
489 2593
430 2594
2187 2595
1236 2596
933 2597
1373 2598
1536 2599
2143 2600
148 2601
127 2602
2269 2603
2105 2604
2299 2605
2029 2606
99 2607
464 2608
1495 2609
1884 2610
1281 2611
1240 2612
1776 2613
519 2614
642 2615
2272 2616
161 2617
2286 2618
383 2619
2135 2620
1368 2621
2457 2622
1651 2623
2156 2624
801 2625
1793 2626
1730 2627
288 2628
2060 2629
916 2630
167 2631
1777 2632
35 2633
457 2634
493 2635
459 2636
1888 2637
889 2638
252 2639
1170 2640
2365 2641
1493 2642
40 2643
92 2644
1327 2645
226 2646
2440 2647
2117 2648
1195 2649
1689 2650
1817 2651
632 2652
1421 2653
1023 2654
245 2655
335 2656
819 2657
1642 2658
266 2659
1372 2660
146 2661
1844 2662
929 2663
1519 2664
1130 2665
2002 2666
2278 2667
416 2668
52 2669
189 2670
948 2671
787 2672
2189 2673
34 2674
1197 2675
1146 2676
1233 2677
830 2678
790 2679
1784 2680
2603 2681
962 2682
2117 2683
1930 2684
2092 2685
616 2686
2637 2687
994 2688
432 2689
145 2690
266 2691
1644 2692
2391 2693
114 2694
1581 2695
2495 2696
2204 2697
176 2698
2673 2699
2291 2700
2187 2701
2695 2702
280 2703
1300 2704
1654 2705
2608 2706
802 2707
57 2708
677 2709
2212 2710
63 2711
2410 2712
1743 2713
1778 2714
2659 2715
945 2716
558 2717
1276 2718
244 2719
406 2720
2038 2721
1169 2722
1165 2723
277 2724
89 2725
388 2726
1282 2727
1242 2728
858 2729
1064 2730
2456 2731
456 2732
1360 2733
892 2734
2212 2735
1997 2736
1363 2737
959 2738
827 2739
2399 2740
701 2741
2046 2742
2650 2743
2180 2744
46 2745
1997 2746
577 2747
34 2748
377 2749
1264 2750
1268 2751
1514 2752
1835 2753
15 2754
1870 2755
238 2756
609 2757
1989 2758
1604 2759
654 2760
1837 2761
1279 2762
1399 2763
2692 2764
1283 2765
1942 2766
740 2767
2255 2768
1432 2769
813 2770
739 2771
1223 2772
2407 2773
1721 2774
675 2775
2052 2776
586 2777
720 2778
1507 2779
1171 2780
1593 2781
2606 2782
2376 2783
2455 2784
1374 2785
1993 2786
2467 2787
1876 2788
2391 2789
1599 2790
2422 2791
1047 2792
1402 2793
418 2794
1506 2795
1196 2796
17 2797
2664 2798
2459 2799
2282 2800
1971 2801
2301 2802
2640 2803
1565 2804
895 2805
2718 2806
589 2807
1885 2808
1226 2809
2414 2810
1885 2811
1529 2812
1884 2813
2541 2814
557 2815
2507 2816
2011 2817
1589 2818
777 2819
750 2820
1540 2821
1669 2822
353 2823
1922 2824
2439 2825
546 2826
440 2827
346 2828
1750 2829
1590 2830
2325 2831
653 2832
2058 2833
2510 2834
382 2835
216 2836
756 2837
2138 2838
2766 2839
2187 2840
1499 2841
1114 2842
2132 2843
1229 2844
1913 2845
1452 2846
1155 2847
2183 2848
1429 2849
2384 2850
2325 2851
2813 2852
264 2853
594 2854
338 2855
312 2856
1759 2857
796 2858
1758 2859
1584 2860
1455 2861
2036 2862
1378 2863
1767 2864
1957 2865
1195 2866
299 2867
140 2868
2390 2869
987 2870
452 2871
1880 2872
1239 2873
1375 2874
2789 2875
302 2876
128 2877
1366 2878
2006 2879
1680 2880
2344 2881
1108 2882
1320 2883
279 2884
2307 2885
1238 2886
2442 2887
1321 2888
1463 2889
51 2890
1569 2891
321 2892
835 2893
195 2894
2322 2895
853 2896
2515 2897
917 2898
166 2899
2384 2900
1681 2901
1064 2902
339 2903
369 2904
1268 2905
1239 2906
1174 2907
512 2908
2286 2909
2902 2910
2903 2911
138 2912
2626 2913
892 2914
2885 2915
807 2916
1826 2917
2879 2918
460 2919
587 2920
2779 2921
1078 2922
857 2923
2744 2924
139 2925
954 2926
1652 2927
2791 2928
2885 2929
1990 2930
1447 2931
2481 2932
887 2933
485 2934
1865 2935
1411 2936
1689 2937
776 2938
1240 2939
2198 2940
2825 2941
2346 2942
1224 2943
1806 2944
2573 2945
2366 2946
2716 2947
2475 2948
583 2949
2707 2950
1922 2951
1 2952
2909 2953
1067 2954
2308 2955
586 2956
1427 2957
447 2958
2910 2959
552 2960
2318 2961
1638 2962
119 2963
1232 2964
2127 2965
770 2966
2639 2967
307 2968
788 2969
539 2970
439 2971
1077 2972
1698 2973
1294 2974
1317 2975
1005 2976
659 2977
2900 2978
2098 2979
456 2980
618 2981
274 2982
102 2983
312 2984
2704 2985
1576 2986
1351 2987
2115 2988
2601 2989
2036 2990
476 2991
1201 2992
993 2993
344 2994
2707 2995
1025 2996
1604 2997
24 2998
1704 2999
25 3000
1359 3001
2906 3002
756 3003
2184 3004
375 3005
102 3006
2738 3007
865 3008
2241 3009
1266 3010
2736 3011
1768 3012
1753 3013
417 3014
790 3015
993 3016
509 3017
339 3018
248 3019
2759 3020
515 3021
815 3022
2574 3023
1256 3024
1883 3025
715 3026
1917 3027
2609 3028
592 3029
2488 3030
2525 3031
2741 3032
2943 3033
2054 3034
2505 3035
1916 3036
1219 3037
2096 3038
2661 3039
249 3040
1289 3041
2819 3042
1359 3043
2846 3044
1469 3045
569 3046
2775 3047
1095 3048
780 3049
356 3050
464 3051
2652 3052
2783 3053
262 3054
273 3055
1618 3056
2301 3057
2516 3058
499 3059
1522 3060
2110 3061
1109 3062
2841 3063
2525 3064
2568 3065
876 3066
1883 3067
739 3068
279 3069
2374 3070
2949 3071
2929 3072
2503 3073
768 3074
26 3075
286 3076
2190 3077
2633 3078
2559 3079
1855 3080
1864 3081
2140 3082
1340 3083
576 3084
262 3085
2541 3086
2570 3087
1443 3088
1836 3089
1962 3090
2468 3091
2596 3092
2772 3093
704 3094
2618 3095
2006 3096
1599 3097
933 3098
1806 3099
2080 3100
343 3101
1321 3102
3003 3103
744 3104
2760 3105
2077 3106
1616 3107
2516 3108
2051 3109
2606 3110
2982 3111
2235 3112
1523 3113
2202 3114
392 3115
2121 3116
69 3117
2717 3118
2885 3119
2287 3120
2642 3121
2595 3122
2267 3123
428 3124
109 3125
185 3126
2412 3127
2513 3128
2392 3129
2529 3130
1458 3131
929 3132
1138 3133
2201 3134
2482 3135
1150 3136
2537 3137
1601 3138
1795 3139
1464 3140
2749 3141
2920 3142
2555 3143
2532 3144
557 3145
1732 3146
1683 3147
804 3148
993 3149
1746 3150
62 3151
3076 3152
434 3153
2985 3154
1526 3155
2646 3156
1400 3157
395 3158
1932 3159
2689 3160
1162 3161
1273 3162
158 3163
2317 3164
411 3165
2545 3166
3092 3167
102 3168
830 3169
2927 3170
2949 3171
787 3172
1283 3173
1810 3174
2825 3175
2921 3176
1690 3177
162 3178
1105 3179
1078 3180
2754 3181
1680 3182
2786 3183
2214 3184
2890 3185
2797 3186
36 3187
3134 3188
2339 3189
2101 3190
3097 3191
936 3192
2424 3193
1667 3194
1422 3195
1832 3196
1116 3197
1573 3198
939 3199
1148 3200
752 3201
1655 3202
3158 3203
2964 3204
2137 3205
78 3206
454 3207
2801 3208
2112 3209
2290 3210
1771 3211
1421 3212
1770 3213
1217 3214
2604 3215
1902 3216
135 3217
1064 3218
2308 3219
211 3220
310 3221
2593 3222
1559 3223
3190 3224
2226 3225
2822 3226
2698 3227
2955 3228
2513 3229
780 3230
2556 3231
1911 3232
504 3233
3232 3234
3031 3235
961 3236
3083 3237
1087 3238
1146 3239
2763 3240
248 3241
2174 3242
2595 3243
819 3244
341 3245
3145 3246
682 3247
1532 3248
2413 3249
3132 3250
2707 3251
1255 3252
3037 3253
734 3254
3151 3255
1168 3256
1266 3257
2322 3258
371 3259
545 3260
1747 3261
90 3262
995 3263
2962 3264
541 3265
2788 3266
2326 3267
3077 3268
2553 3269
1343 3270
1174 3271
993 3272
993 3273
856 3274
966 3275
2491 3276
460 3277
1899 3278
1818 3279
3208 3280
3072 3281
475 3282
338 3283
1766 3284
3210 3285
1518 3286
3237 3287
2953 3288
1973 3289
2435 3290
2560 3291
1382 3292
944 3293
2884 3294
36 3295
1295 3296
3088 3297
2431 3298
3200 3299
896 3300
1871 3301
1895 3302
1772 3303
3244 3304
2277 3305
493 3306
2725 3307
12 3308
2684 3309
1212 3310
1432 3311
3041 3312
3119 3313
1928 3314
3243 3315
1312 3316
2976 3317
1808 3318
590 3319
2927 3320
1181 3321
588 3322
2204 3323
1262 3324
2573 3325
797 3326
2821 3327
3010 3328
454 3329
1712 3330
703 3331
2899 3332
3288 3333
3024 3334
3244 3335
823 3336
1394 3337
2943 3338
1471 3339
1698 3340
476 3341
2009 3342
521 3343
3014 3344
686 3345
782 3346
890 3347
3239 3348
1271 3349
1431 3350
1044 3351
803 3352
3197 3353
1528 3354
1172 3355
3301 3356
2835 3357
3345 3358
1746 3359
2162 3360
1299 3361
311 3362
3150 3363
2016 3364
1587 3365
2477 3366
953 3367
1696 3368
2194 3369
3354 3370
1153 3371
2209 3372
2612 3373
1460 3374
3109 3375
600 3376
42 3377
216 3378
1070 3379
182 3380
2157 3381
1057 3382
2587 3383
2088 3384
1952 3385
1551 3386
395 3387
2229 3388
2434 3389
67 3390
1790 3391
1909 3392
3340 3393
1667 3394
3394 3395
2461 3396
770 3397
1481 3398
2587 3399
3310 3400
2219 3401
1102 3402
2049 3403
765 3404
2115 3405
2408 3406
1187 3407
2759 3408
3325 3409
619 3410
1912 3411
2255 3412
2386 3413
3317 3414
15 3415
869 3416
880 3417
1159 3418
2604 3419
3414 3420
857 3421
2842 3422
1372 3423
458 3424
1207 3425
1846 3426
2727 3427
494 3428
464 3429
2446 3430
772 3431
2765 3432
1232 3433
2871 3434
2591 3435
2123 3436
2649 3437
1229 3438
347 3439
2544 3440
2465 3441
18 3442
1441 3443
747 3444
1572 3445
2923 3446
3159 3447
1548 3448
540 3449
479 3450
1401 3451
25 3452
2678 3453
2730 3454
1972 3455
3369 3456
842 3457
1880 3458
2655 3459
3087 3460
1503 3461
2593 3462
809 3463
1846 3464
3118 3465
1093 3466
2878 3467
586 3468
2271 3469
861 3470
2741 3471
3060 3472
2375 3473
2987 3474
1758 3475
2933 3476
2481 3477
1828 3478
3438 3479
1155 3480
2643 3481
634 3482
401 3483
3075 3484
2140 3485
366 3486
1423 3487
476 3488
1103 3489
522 3490
2647 3491
3201 3492
810 3493
256 3494
1382 3495
1363 3496
1460 3497
1145 3498
1040 3499
339 3500
397 3501
2516 3502
90 3503
2063 3504
3098 3505
3056 3506
1998 3507
1767 3508
706 3509
2067 3510
1556 3511
863 3512
2729 3513
1970 3514
1148 3515
3424 3516
3025 3517
2638 3518
2881 3519
1310 3520
2912 3521
1143 3522
1601 3523
1929 3524
1053 3525
272 3526
2880 3527
2224 3528
2455 3529
1443 3530
2344 3531
3513 3532
2964 3533
1385 3534
3158 3535
2526 3536
2512 3537
2905 3538
126 3539
176 3540
789 3541
3282 3542
209 3543
10 3544
228 3545
1576 3546
1548 3547
3233 3548
1791 3549
540 3550
1644 3551
3346 3552
973 3553
2195 3554
248 3555
2104 3556
1136 3557
1965 3558
1993 3559
1905 3560
1317 3561
1101 3562
2411 3563
30 3564
445 3565
3145 3566
183 3567
2221 3568
227 3569
3121 3570
1823 3571
2617 3572
1757 3573
228 3574
1882 3575
1170 3576
2820 3577
1957 3578
467 3579
2922 3580
2334 3581
734 3582
3577 3583
1979 3584
163 3585
2889 3586
321 3587
794 3588
2562 3589
1639 3590
1299 3591
2135 3592
3505 3593
2173 3594
3113 3595
783 3596
336 3597
597 3598
2438 3599
2221 3600
1114 3601
3597 3602
1423 3603
1598 3604
2340 3605
3277 3606
3 3607
1759 3608
1890 3609
2257 3610
1559 3611
652 3612
1511 3613
182 3614
2329 3615
166 3616
2702 3617
1788 3618
974 3619
3397 3620
1123 3621
3357 3622
2804 3623
2096 3624
611 3625
2684 3626
3510 3627
511 3628
2625 3629
2003 3630
2696 3631
3329 3632
1458 3633
335 3634
669 3635
2644 3636
650 3637
1899 3638
2088 3639
3607 3640
1718 3641
63 3642
3037 3643
3391 3644
359 3645
3224 3646
1340 3647
2042 3648
620 3649
2998 3650
1564 3651
2110 3652
106 3653
3467 3654
621 3655
387 3656
1736 3657
2527 3658
367 3659
2428 3660
3474 3661
503 3662
2270 3663
367 3664
121 3665
1249 3666
3177 3667
3428 3668
3624 3669
2775 3670
2929 3671
2359 3672
2839 3673
2521 3674
1143 3675
3365 3676
2599 3677
258 3678
1473 3679
2680 3680
224 3681
2279 3682
2814 3683
3437 3684
395 3685
2202 3686
899 3687
1181 3688
391 3689
2810 3690
3083 3691
1470 3692
2719 3693
1270 3694
1674 3695
595 3696
1653 3697
2459 3698
500 3699
3678 3700
121 3701
1831 3702
1697 3703
568 3704
980 3705
154 3706
2971 3707
3282 3708
3662 3709
2698 3710
2460 3711
1056 3712
3699 3713
3479 3714
1980 3715
1368 3716
636 3717
1070 3718
1327 3719
1232 3720
809 3721
3458 3722
3096 3723
3684 3724
544 3725
2637 3726
622 3727
373 3728
2031 3729
948 3730
2626 3731
1009 3732
650 3733
1491 3734
364 3735
3068 3736
2559 3737
3011 3738
1886 3739
2438 3740
69 3741
2884 3742
2828 3743
1785 3744
3729 3745
851 3746
1067 3747
3029 3748
2378 3749
1733 3750
2561 3751
2588 3752
2998 3753
1616 3754
712 3755
3658 3756
1649 3757
619 3758
3570 3759
2241 3760
772 3761
3650 3762
2116 3763
614 3764
2691 3765
2069 3766
869 3767
314 3768
126 3769
1782 3770
2138 3771
347 3772
2488 3773
3683 3774
2073 3775
2766 3776
2467 3777
1007 3778
1141 3779
63 3780
1126 3781
1782 3782
1808 3783
3748 3784
364 3785
3654 3786
767 3787
1327 3788
1612 3789
2706 3790
2614 3791
3564 3792
3558 3793
2579 3794
2564 3795
514 3796
666 3797
919 3798
377 3799
2814 3800
3703 3801
3600 3802
2403 3803
2809 3804
669 3805
3429 3806
3510 3807
3354 3808
821 3809
64 3810
1404 3811
1769 3812
2019 3813
1258 3814
3692 3815
1936 3816
2691 3817
2470 3818
1081 3819
864 3820
2649 3821
3733 3822
680 3823
2076 3824
1553 3825
3213 3826
426 3827
2176 3828
3578 3829
1248 3830
1360 3831
2701 3832
1875 3833
1530 3834
538 3835
699 3836
2509 3837
675 3838
3573 3839
417 3840
2272 3841
3745 3842
3612 3843
1392 3844
2949 3845
3527 3846
3344 3847
1851 3848
663 3849
3816 3850
1707 3851
1449 3852
1275 3853
168 3854
2033 3855
1316 3856
978 3857
2773 3858
3230 3859
180 3860
2824 3861
3094 3862
3234 3863
457 3864
1561 3865
2706 3866
3600 3867
611 3868
391 3869
3429 3870
1965 3871
2915 3872
2742 3873
3813 3874
413 3875
1987 3876
483 3877
1647 3878
3515 3879
968 3880
3481 3881
3451 3882
989 3883
1957 3884
3352 3885
2245 3886
240 3887
1118 3888
2690 3889
1088 3890
3489 3891
458 3892
2973 3893
3134 3894
2341 3895
1251 3896
2581 3897
3214 3898
1094 3899
756 3900
897 3901
1121 3902
1964 3903
3622 3904
3837 3905
90 3906
2787 3907
3284 3908
2458 3909
3638 3910
328 3911
1291 3912
1199 3913
2176 3914
3678 3915
234 3916
1105 3917
1711 3918
9 3919
2255 3920
2531 3921
205 3922
2158 3923
664 3924
1265 3925
1977 3926
3640 3927
3565 3928
1603 3929
839 3930
2875 3931
925 3932
914 3933
282 3934
2444 3935
3369 3936
203 3937
2021 3938
3381 3939
1970 3940
2033 3941
1556 3942
1164 3943
1939 3944
2759 3945
541 3946
920 3947
2985 3948
2044 3949
603 3950
372 3951
1415 3952
1081 3953
229 3954
563 3955
3843 3956
635 3957
1937 3958
312 3959
184 3960
3660 3961
2187 3962
367 3963
3274 3964
806 3965
847 3966
711 3967
102 3968
1033 3969
771 3970
2432 3971
1746 3972
639 3973
3452 3974
3389 3975
2199 3976
1319 3977
790 3978
2963 3979
2452 3980
1412 3981
693 3982
2078 3983
2790 3984
2645 3985
462 3986
3687 3987
3940 3988
2256 3989
2064 3990
648 3991
61 3992
2845 3993
1654 3994
1440 3995
301 3996
84 3997
3643 3998
3513 3999
611 4000
1436 4001
1930 4002
1124 4003
3179 4004
1887 4005
2707 4006
792 4007
1657 4008
4005 4009
1201 4010
3326 4011
3424 4012
3093 4013
2363 4014
251 4015
3581 4016
1395 4017
2673 4018
1736 4019
3704 4020
892 4021
1649 4022
896 4023
12 4024
3252 4025
3742 4026
1732 4027
3199 4028
1677 4029
1852 4030
1986 4031
2609 4032
3230 4033
2363 4034
157 4035
541 4036
3685 4037
1246 4038
2228 4039
2221 4040
2505 4041
3547 4042
1075 4043
232 4044
1101 4045
1292 4046
441 4047
957 4048
2730 4049
2464 4050
342 4051
2395 4052
2143 4053
2623 4054
2313 4055
310 4056
455 4057
2652 4058
3718 4059
545 4060
1188 4061
3349 4062
1753 4063
148 4064
3160 4065
2452 4066
4060 4067
1832 4068
3228 4069
591 4070
1110 4071
842 4072
1028 4073
2314 4074
3125 4075
1976 4076
2353 4077
973 4078
4037 4079
2643 4080
2183 4081
3149 4082
1994 4083
2045 4084
3138 4085
3298 4086
549 4087
1752 4088
881 4089
1850 4090
2225 4091
2022 4092
3012 4093
3375 4094
209 4095
780 4096
2892 4097
308 4098
2605 4099
2497 4100
3752 4101
625 4102
2093 4103
1554 4104
2813 4105
3247 4106
3195 4107
2654 4108
3909 4109
1573 4110
794 4111
2185 4112
3753 4113
1984 4114
2647 4115
3043 4116
246 4117
3011 4118
2568 4119
1071 4120
2188 4121
488 4122
659 4123
2685 4124
3048 4125
2277 4126
437 4127
3908 4128
407 4129
2086 4130
2925 4131
1504 4132
73 4133
2377 4134
3626 4135
1368 4136
1619 4137
232 4138
212 4139
1468 4140
1082 4141
3165 4142
3453 4143
855 4144
2149 4145
4045 4146
1265 4147
476 4148
3959 4149
2867 4150
4019 4151
2361 4152
845 4153
1370 4154
1472 4155
2726 4156
3937 4157
3073 4158
1846 4159
2209 4160
367 4161
3814 4162
2934 4163
2401 4164
1748 4165
1504 4166
3043 4167
3205 4168
811 4169
2884 4170
1906 4171
2630 4172
506 4173
1878 4174
3430 4175
1503 4176
1092 4177
1769 4178
2496 4179
1810 4180
3215 4181
3446 4182
2479 4183
3418 4184
4177 4185
3364 4186
3542 4187
562 4188
4047 4189
297 4190
2960 4191
2693 4192
2067 4193
150 4194
231 4195
3651 4196
994 4197
1139 4198
679 4199
1928 4200
898 4201
6 4202
460 4203
3910 4204
3572 4205
983 4206
2686 4207
2863 4208
1371 4209
3029 4210
3265 4211
3457 4212
2812 4213
232 4214
522 4215
2928 4216
849 4217
1298 4218
2936 4219
743 4220
328 4221
1634 4222
2614 4223
709 4224
4009 4225
4041 4226
394 4227
49 4228
2650 4229
1447 4230
3154 4231
3469 4232
4119 4233
2901 4234
561 4235
2425 4236
3656 4237
1832 4238
1558 4239
2912 4240
453 4241
1867 4242
2070 4243
467 4244
2302 4245
480 4246
823 4247
2110 4248
1245 4249
3011 4250
2376 4251
4235 4252
3511 4253
480 4254
3534 4255
917 4256
2951 4257
3014 4258
324 4259
508 4260
1478 4261
3448 4262
320 4263
2509 4264
2453 4265
2175 4266
1348 4267
3382 4268
470 4269
3266 4270
1828 4271
2599 4272
476 4273
2520 4274
763 4275
2785 4276
2921 4277
2724 4278
4207 4279
2795 4280
2717 4281
349 4282
2769 4283
65 4284
2466 4285
4204 4286
822 4287
2275 4288
1861 4289
1843 4290
1101 4291
2362 4292
482 4293
2310 4294
3413 4295
2654 4296
2074 4297
1569 4298
1200 4299
1324 4300
67 4301
4250 4302
4198 4303
1560 4304
2620 4305
39 4306
1606 4307
2347 4308
349 4309
2053 4310
2380 4311
4228 4312
763 4313
3674 4314
2956 4315
3497 4316
149 4317
176 4318
1783 4319
332 4320
2133 4321
377 4322
68 4323
1536 4324
4011 4325
1835 4326
1205 4327
4252 4328
3196 4329
2570 4330
269 4331
3831 4332
1150 4333
670 4334
876 4335
613 4336
322 4337
238 4338
1802 4339
3870 4340
3985 4341
1138 4342
230 4343
1748 4344
4200 4345
3 4346
806 4347
3119 4348
1304 4349
1205 4350
1803 4351
4126 4352
1111 4353
3930 4354
3500 4355
1943 4356
152 4357
3058 4358

